   0.0000000e+00   1.1996923e+02   1.0200513e+02   7.5198387e+01   0.0000000e+00   7.2387940e+01   3.3222781e+01   4.9403995e+01   6.5189431e+01   6.1764586e+01   
   1.1996923e+02   0.0000000e+00   4.2020986e+01   0.0000000e+00   1.2290000e+02   1.2155000e+02   1.2074667e+02   1.2002353e+02   4.2141404e+01   1.6986667e+02   
   1.0200513e+02   4.2020986e+01   0.0000000e+00   0.0000000e+00   0.0000000e+00   1.2329524e+02   8.6205746e+01   1.1944723e+02   7.9574457e+01   1.0275000e+02   
   7.5198387e+01   0.0000000e+00   0.0000000e+00   0.0000000e+00   9.6632500e+01   6.6737261e+01   4.4614729e+01   8.9827714e+01   5.8299887e+01   3.5451505e+01   
   0.0000000e+00   1.2290000e+02   0.0000000e+00   9.6632500e+01   0.0000000e+00   1.4006642e+01   1.0361250e+02   3.1585600e+01   4.3159839e+01   1.1050588e+02   
   7.2387940e+01   1.2155000e+02   1.2329524e+02   6.6737261e+01   1.4006642e+01   0.0000000e+00   4.6794671e+01   2.7296102e+01   7.3946505e+01   3.2242569e+01   
   3.3222781e+01   1.2074667e+02   8.6205746e+01   4.4614729e+01   1.0361250e+02   4.6794671e+01   0.0000000e+00   5.3707852e+01   5.0470239e+01   2.2677628e+01   
   4.9403995e+01   1.2002353e+02   1.1944723e+02   8.9827714e+01   3.1585600e+01   2.7296102e+01   5.3707852e+01   0.0000000e+00   8.0363227e+01   5.4636742e+01   
   6.5189431e+01   4.2141404e+01   7.9574457e+01   5.8299887e+01   4.3159839e+01   7.3946505e+01   5.0470239e+01   8.0363227e+01   0.0000000e+00   6.7658741e+01   
   6.1764586e+01   1.6986667e+02   1.0275000e+02   3.5451505e+01   1.1050588e+02   3.2242569e+01   2.2677628e+01   5.4636742e+01   6.7658741e+01   0.0000000e+00   
